Threads: 1
Size of Pane: 300
Iterations: 55287
Time: 46.796325
Threads: 1
Size of Pane: 350
Iterations: 71507
Time: 82.664314
